10100000000100000000000000000101
10100010000100000001111111111001
10100100000001000000000000010001
10010000000100000000000000010010
10100000000000000000000000000000
00000000000000000000000000001010
00000000000000000000000000101010
00000000000000000000000000000100
00000000000000000000000000001000
00000000000000000000000000110000
00000000000000000000000000111010
00000000000000000000010000000010
00000000000000000000001001010000
10000000001000000000000000000000
00000000000000000010010000000000
10100000000100000010000000000101
10100010000100000010111111111010
10100100000001000000000000010001
10100110001001000000000000010001
10100110001001000000000000010010
00000000000000000000000000000000
00000000000000000000000000000000
00000000000000000000000000000000
00000000000000000000000000000000
00000000000000000000000000000000
00000000000000000000000000000000
00000000000000000000000000000000
00000000000000000000000000000000
00000000000000000000000000000000
00000000000000000000000000000000
00000000000000000000000000000000
00000000000000000000000000000000